37, 629, 0.0001407755189575255, 0.00018515401461627334
38, 629, -0.00012708903523162007, 0.00018515401461627334
39, 629, 0.00023602777218911797, 0.00018515401461627334
40, 629, 0.00015895077376626432, 0.00018515401461627334
41, 629, 0.0003974847204517573, 0.00018515401461627334
42, 629, 0.00028191664023324847, 0.00018515401461627334
43, 629, 0.00022587121929973364, 0.00018515401461627334
44, 629, 3.6610836104955524e-05, 0.00018515401461627334
45, 629, -2.2849702872917987e-05, 0.00018515401461627334
46, 629, -8.428461296716705e-05, 0.00018515401461627334
47, 629, -0.00012003484152955934, 0.00018515401461627334
48, 629, -0.0002725158119574189, 0.00018515401461627334
49, 629, -0.00043280827230773866, 0.00018515401461627334
50, 629, -0.00020723351917695254, 0.00018515401461627334
51, 629, -0.00027924211462959647, 0.00018515401461627334
52, 629, -0.00024347941507585347, 0.00018515401461627334
53, 629, -0.0001567032013554126, 0.00018515401461627334
54, 629, -0.00014971387281548232, 0.00018515401461627334
55, 629, -0.0001536198251415044, 0.00018515401461627334
56, 629, -9.219822095474228e-05, 0.00018515401461627334
57, 629, -0.00014013679174240679, 0.00018515401461627334
58, 629, -4.898458792013116e-05, 0.00018515401461627334
59, 629, -5.9733087255153805e-05, 0.00018515401461627334
60, 629, -0.00033570954110473394, 0.00018515401461627334
61, 629, -0.00014900986570864916, 0.00018515401461627334
62, 629, -5.032296758145094e-05, 0.00018515401461627334
63, 629, -0.0002494500658940524, 0.00018515401461627334
64, 629, -0.0004254328378010541, 0.00018515401461627334
65, 629, -0.0005320850759744644, 0.00018515401461627334
66, 629, -0.0003694299957714975, 0.00018515401461627334
67, 629, -2.9094284400343895e-05, 0.00018515401461627334
68, 629, -0.00020367921388242394, 0.00018515401461627334
69, 629, -0.00012367180897854269, 0.00018515401461627334
70, 629, -0.00031717869569547474, 0.00018515401461627334
71, 629, -0.00010038500477094203, 0.00018515401461627334
72, 629, -8.039562089834362e-05, 0.00018515401461627334
73, 629, -0.0003067445941269398, 0.00018515401461627334
37, 630, 3.104743518633768e-05, 0.00018515401461627334
38, 630, -0.0001150324460468255, 0.00018515401461627334
39, 630, 2.2698903194395825e-05, 0.00018515401461627334
40, 630, 2.3143747966969386e-05, 0.00018515401461627334
41, 630, -6.34690877632238e-05, 0.00018515401461627334
42, 630, 0.0002319655759492889, 0.00018515401461627334
43, 630, 0.0001701603177934885, 0.00018515401461627334
44, 630, -1.9817032807623036e-05, 0.00018515401461627334
45, 630, -0.00012288223661016673, 0.00018515401461627334
46, 630, -0.0003362427814863622, 0.00018515401461627334
47, 630, -0.0001920688955578953, 0.00018515401461627334
48, 630, -0.000266233051661402, 0.00018515401461627334
49, 630, -0.00033824474667198956, 0.00018515401461627334
50, 630, -0.00048212544061243534, 0.00018515401461627334
51, 630, -4.560920569929294e-05, 0.00018515401461627334
52, 630, -0.0003594936279114336, 0.00018515401461627334
53, 630, -3.045627090614289e-05, 0.00018515401461627334
54, 630, -0.00012641017383430153, 0.00018515401461627334
55, 630, -0.00013640626275446266, 0.00018515401461627334
56, 630, -0.00022306080791167915, 0.00018515401461627334
57, 630, -0.00020572396169882268, 0.00018515401461627334
58, 630, -0.0003008147468790412, 0.00018515401461627334
59, 630, 3.2595216907793656e-05, 0.00018515401461627334
60, 630, 0.00010808796650962904, 0.00018515401461627334
61, 630, -6.380914419423789e-05, 0.00018515401461627334
62, 630, -0.0004330844385549426, 0.00018515401461627334
63, 630, -0.00036271868157200515, 0.00018515401461627334
64, 630, -0.000250936922384426, 0.00018515401461627334
65, 630, -0.0001433379075024277, 0.00018515401461627334
66, 630, -8.70480143930763e-05, 0.00018515401461627334
67, 630, -0.00038769663660787046, 0.00018515401461627334
68, 630, -0.00034726352896541357, 0.00018515401461627334
69, 630, -7.2283590270672e-05, 0.00018515401461627334
70, 630, -0.0002738931798376143, 0.00018515401461627334
71, 630, 6.039959771442227e-05, 0.00018515401461627334
72, 630, -7.099362119333819e-05, 0.00018515401461627334
73, 630, -0.00032800197368487716, 0.00018515401461627334
37, 631, -0.000375884905224666, 0.00018515401461627334
38, 631, -4.905392415821552e-05, 0.00018515401461627334
39, 631, 4.133794936933555e-05, 0.00018515401461627334
40, 631, 8.063296263571829e-06, 0.00018515401461627334
41, 631, 0.0001339683512924239, 0.00018515401461627334
42, 631, 9.245937690138817e-05, 0.00018515401461627334
43, 631, -0.0001683432492427528, 0.00018515401461627334
44, 631, -0.00013065167877357453, 0.00018515401461627334
45, 631, 3.596359965740703e-05, 0.00018515401461627334
46, 631, -0.0003305568534415215, 0.00018515401461627334
47, 631, -0.00040299774263985455, 0.00018515401461627334
48, 631, -0.0002871282340493053, 0.00018515401461627334
49, 631, -0.0004564056871458888, 0.00018515401461627334
50, 631, -0.0003912702959496528, 0.00018515401461627334
51, 631, -0.0003661546215880662, 0.00018515401461627334
52, 631, -0.0002958657860290259, 0.00018515401461627334
53, 631, 4.0104088839143515e-05, 0.00018515401461627334
54, 631, -0.00037830989458598197, 0.00018515401461627334
55, 631, -0.00019429941312409937, 0.00018515401461627334
56, 631, -0.00027058052364736795, 0.00018515401461627334
57, 631, -0.00024105922784656286, 0.00018515401461627334
58, 631, -0.0001536066411063075, 0.00018515401461627334
59, 631, -0.0003858215641230345, 0.00018515401461627334
60, 631, -7.635254587512463e-05, 0.00018515401461627334
61, 631, -0.00018190396076533943, 0.00018515401461627334
62, 631, 2.8966878744540736e-05, 0.00018515401461627334
63, 631, -0.00011604544124566019, 0.00018515401461627334
64, 631, -0.0003333204076625407, 0.00018515401461627334
65, 631, -0.0003499897138681263, 0.00018515401461627334
66, 631, -0.0003803280706051737, 0.00018515401461627334
67, 631, -0.0003427024348638952, 0.00018515401461627334
68, 631, -0.00010598341759759933, 0.00018515401461627334
69, 631, -0.00022468461247626692, 0.00018515401461627334
70, 631, -0.00019348820205777884, 0.00018515401461627334
71, 631, -0.00011839562648674473, 0.00018515401461627334
72, 631, -0.00016904057702049613, 0.00018515401461627334
73, 631, -9.440293069928885e-05, 0.00018515401461627334
37, 632, 0.00010616031067911536, 0.00018515401461627334
38, 632, 3.5371340345591307e-06, 0.00018515401461627334
39, 632, 8.07804535725154e-05, 0.00018515401461627334
40, 632, -1.8259672287967987e-05, 0.00018515401461627334
41, 632, 3.0395036446861923e-05, 0.00018515401461627334
42, 632, -0.00016663734277244657, 0.00018515401461627334
43, 632, 5.360470458981581e-05, 0.00018515401461627334
44, 632, -0.000234636667300947, 0.00018515401461627334
45, 632, -0.0001615856890566647, 0.00018515401461627334
46, 632, -0.00022366915072780102, 0.00018515401461627334
47, 632, -4.8162390157813206e-05, 0.00018515401461627334
48, 632, -0.00019184118718840182, 0.00018515401461627334
49, 632, -0.00038944778498262167, 0.00018515401461627334
50, 632, -0.0003757458762265742, 0.00018515401461627334
51, 632, -0.00031553703593090177, 0.00018515401461627334
52, 632, -0.00015477841952815652, 0.00018515401461627334
53, 632, -0.000306077825371176, 0.00018515401461627334
54, 632, -0.00017560223932377994, 0.00018515401461627334
55, 632, -0.00019380677258595824, 0.00018515401461627334
56, 632, -0.0004060957580804825, 0.00018515401461627334
57, 632, -0.0002592279342934489, 0.00018515401461627334
58, 632, -0.00042383233085274696, 0.00018515401461627334
59, 632, -0.0001244977320311591, 0.00018515401461627334
60, 632, -0.0004261033609509468, 0.00018515401461627334
61, 632, -0.00025887152878567576, 0.00018515401461627334
62, 632, -0.00030957479611970484, 0.00018515401461627334
63, 632, -0.00024441711138933897, 0.00018515401461627334
64, 632, -0.0001927979610627517, 0.00018515401461627334
65, 632, -0.0004996537463739514, 0.00018515401461627334
66, 632, -0.00026404261006973684, 0.00018515401461627334
67, 632, -0.0004212721833027899, 0.00018515401461627334
68, 632, -0.00016254342335741967, 0.00018515401461627334
69, 632, -0.0003820587007794529, 0.00018515401461627334
70, 632, -3.160663982271217e-05, 0.00018515401461627334
71, 632, -0.0004615795915015042, 0.00018515401461627334
72, 632, -0.00021514501713681966, 0.00018515401461627334
73, 632, -0.00015366131265182048, 0.00018515401461627334
37, 633, 9.91390379567747e-07, 0.00018515401461627334
38, 633, -3.4895576391136274e-05, 0.00018515401461627334
39, 633, -9.082446922548115e-05, 0.00018515401461627334
40, 633, -0.00020237438729964197, 0.00018515401461627334
41, 633, -0.0001395087456330657, 0.00018515401461627334
42, 633, -0.00012131383118685335, 0.00018515401461627334
43, 633, -0.00013314656098373234, 0.00018515401461627334
44, 633, -0.00033046939643099904, 0.00018515401461627334
45, 633, -0.00024369038874283433, 0.00018515401461627334
46, 633, -0.0003188560367561877, 0.00018515401461627334
47, 633, -0.0003855169052258134, 0.00018515401461627334
48, 633, -0.0003720354288816452, 0.00018515401461627334
49, 633, -0.0001709282660158351, 0.00018515401461627334
50, 633, -0.00028983771335333586, 0.00018515401461627334
51, 633, -0.0003103236376773566, 0.00018515401461627334
52, 633, -0.00017541498527862132, 0.00018515401461627334
53, 633, -0.00023798031907062978, 0.00018515401461627334
54, 633, -0.0003836588002741337, 0.00018515401461627334
55, 633, -0.0003027837083209306, 0.00018515401461627334
56, 633, -0.00025685844593681395, 0.00018515401461627334
57, 633, -0.00037445564521476626, 0.00018515401461627334
58, 633, -0.00029423844534903765, 0.00018515401461627334
59, 633, -0.00020016971393488348, 0.00018515401461627334
60, 633, -0.0002967794134747237, 0.00018515401461627334
61, 633, -0.0002950598718598485, 0.00018515401461627334
62, 633, -0.00013386712817009538, 0.00018515401461627334
63, 633, -0.00021751334134023637, 0.00018515401461627334
64, 633, -0.00014902011025696993, 0.00018515401461627334
65, 633, -0.0003665890544652939, 0.00018515401461627334
66, 633, -3.829755223705433e-05, 0.00018515401461627334
67, 633, -0.0004785840574186295, 0.00018515401461627334
68, 633, -0.00021373156050685793, 0.00018515401461627334
69, 633, -0.00014475226635113358, 0.00018515401461627334
70, 633, -0.00034581535146571696, 0.00018515401461627334
71, 633, -0.00034133114968426526, 0.00018515401461627334
72, 633, -0.00022394688858184963, 0.00018515401461627334
73, 633, -0.00018618036119733006, 0.00018515401461627334
37, 634, -7.984779222169891e-05, 0.00018515401461627334
38, 634, 0.00020200837752781808, 0.00018515401461627334
39, 634, -3.974908031523228e-05, 0.00018515401461627334
40, 634, -0.00034754403168335557, 0.00018515401461627334
41, 634, -9.452539234189317e-05, 0.00018515401461627334
42, 634, -0.0002867167058866471, 0.00018515401461627334
43, 634, -0.00018209341214969754, 0.00018515401461627334
44, 634, -0.0003570925327949226, 0.00018515401461627334
45, 634, -2.61793229583418e-05, 0.00018515401461627334
46, 634, -0.000270011747488752, 0.00018515401461627334
47, 634, -0.00046873229439370334, 0.00018515401461627334
48, 634, -0.0004768814833369106, 0.00018515401461627334
49, 634, -0.0001942290982697159, 0.00018515401461627334
50, 634, -8.62858141772449e-05, 0.00018515401461627334
51, 634, -0.00013446052616927773, 0.00018515401461627334
52, 634, -0.00040648033609613776, 0.00018515401461627334
53, 634, -0.00018516942509450018, 0.00018515401461627334
54, 634, -0.0002774924214463681, 0.00018515401461627334
55, 634, -0.00025922281201928854, 0.00018515401461627334
56, 634, -0.0004454919253475964, 0.00018515401461627334
57, 634, -0.00044860070920549333, 0.00018515401461627334
58, 634, -4.505083416006528e-05, 0.00018515401461627334
59, 634, -0.000288090028334409, 0.00018515401461627334
60, 634, -0.0001158930899691768, 0.00018515401461627334
61, 634, -0.00042147585190832615, 0.00018515401461627334
62, 634, 4.5834225602447987e-05, 0.00018515401461627334
63, 634, -0.0001459417981095612, 0.00018515401461627334
64, 634, -0.00026665543555282056, 0.00018515401461627334
65, 634, -0.00020128874166402966, 0.00018515401461627334
66, 634, -0.00015589177201036364, 0.00018515401461627334
67, 634, -0.0003511879767756909, 0.00018515401461627334
68, 634, -0.00027989098452962935, 0.00018515401461627334
69, 634, -8.432538015767932e-05, 0.00018515401461627334
70, 634, -0.0003017231647390872, 0.00018515401461627334
71, 634, -0.0001828747772378847, 0.00018515401461627334
72, 634, -0.0003819943231064826, 0.00018515401461627334
73, 634, -7.934091263450682e-05, 0.00018515401461627334
37, 635, -0.00020466255955398083, 0.00018515401461627334
38, 635, -0.00010523387754801661, 0.00018515401461627334
39, 635, -4.693247683462687e-05, 0.00018515401461627334
40, 635, -0.0003228423302061856, 0.00018515401461627334
41, 635, -0.0003129226097371429, 0.00018515401461627334
42, 635, -0.00020307942759245634, 0.00018515401461627334
43, 635, -0.00019533182785380632, 0.00018515401461627334
44, 635, -0.0003783736901823431, 0.00018515401461627334
45, 635, -0.0004679650883190334, 0.00018515401461627334
46, 635, -0.00034418998984619975, 0.00018515401461627334
47, 635, -0.00019576224440243095, 0.00018515401461627334
48, 635, -0.00016141569358296692, 0.00018515401461627334
49, 635, -0.00012383420835249126, 0.00018515401461627334
50, 635, 1.244558734470047e-05, 0.00018515401461627334
51, 635, -0.000402720645070076, 0.00018515401461627334
52, 635, -0.00016845973732415587, 0.00018515401461627334
53, 635, -0.0002505819429643452, 0.00018515401461627334
54, 635, -0.0003326973528601229, 0.00018515401461627334
55, 635, -0.00010878434113692492, 0.00018515401461627334
56, 635, -0.00017918500816449523, 0.00018515401461627334
57, 635, -0.00023940067330840975, 0.00018515401461627334
58, 635, -0.0003709907759912312, 0.00018515401461627334
59, 635, -0.000267666851868853, 0.00018515401461627334
60, 635, -0.00041668981430120766, 0.00018515401461627334
61, 635, -0.00034530763514339924, 0.00018515401461627334
62, 635, -0.0004940585931763053, 0.00018515401461627334
63, 635, -0.0001495661272201687, 0.00018515401461627334
64, 635, -5.8984649513149634e-05, 0.00018515401461627334
65, 635, -0.0004318211576901376, 0.00018515401461627334
66, 635, -0.00023946724832057953, 0.00018515401461627334
67, 635, -0.0002619418955873698, 0.00018515401461627334
68, 635, -0.00023385700478684157, 0.00018515401461627334
69, 635, -0.00040795200038701296, 0.00018515401461627334
70, 635, -0.000351046648574993, 0.00018515401461627334
71, 635, -0.00040872913086786866, 0.00018515401461627334
72, 635, -0.00038498351932503283, 0.00018515401461627334
73, 635, -0.0004355484852567315, 0.00018515401461627334
37, 636, -7.502081280108541e-05, 0.00018515401461627334
38, 636, -0.0001269297645194456, 0.00018515401461627334
39, 636, -0.0004220017872285098, 0.00018515401461627334
40, 636, -0.0002333107404410839, 0.00018515401461627334
41, 636, -0.0003682034439407289, 0.00018515401461627334
42, 636, -0.0002862550027202815, 0.00018515401461627334
43, 636, -0.0002733642759267241, 0.00018515401461627334
44, 636, -9.171919373329729e-05, 0.00018515401461627334
45, 636, -0.000254791317274794, 0.00018515401461627334
46, 636, -0.00018300920783076435, 0.00018515401461627334
47, 636, -0.00011133930820506066, 0.00018515401461627334
48, 636, -0.00020359897462185472, 0.00018515401461627334
49, 636, -7.089450082276016e-05, 0.00018515401461627334
50, 636, -8.053059718804434e-05, 0.00018515401461627334
51, 636, -9.075520210899413e-05, 0.00018515401461627334
52, 636, 9.043767931871116e-05, 0.00018515401461627334
53, 636, -4.1890376451192424e-05, 0.00018515401461627334
54, 636, -7.226683374028653e-05, 0.00018515401461627334
55, 636, -7.276382530108094e-05, 0.00018515401461627334
56, 636, -0.00015053707465995103, 0.00018515401461627334
57, 636, -7.308130443561822e-05, 0.00018515401461627334
58, 636, -0.0003264054539613426, 0.00018515401461627334
59, 636, -0.00016374574624933302, 0.00018515401461627334
60, 636, -0.0002687845262698829, 0.00018515401461627334
61, 636, -0.0003832747752312571, 0.00018515401461627334
62, 636, -0.00012317280925344676, 0.00018515401461627334
63, 636, -0.00019333799718879163, 0.00018515401461627334
64, 636, -0.0003451106895226985, 0.00018515401461627334
65, 636, -0.00015870321658439934, 0.00018515401461627334
66, 636, -0.0003735853242687881, 0.00018515401461627334
67, 636, -0.000390258792322129, 0.00018515401461627334
68, 636, -0.00027357719955034554, 0.00018515401461627334
69, 636, -0.00045560835860669613, 0.00018515401461627334
70, 636, -0.0004888367839157581, 0.00018515401461627334
71, 636, -0.0002086618187604472, 0.00018515401461627334
72, 636, -0.00031870536622591317, 0.00018515401461627334
73, 636, -0.00035413671866990626, 0.00018515401461627334
37, 637, -0.00016257485549431294, 0.00018515401461627334
38, 637, -5.162571324035525e-05, 0.00018515401461627334
39, 637, -0.0004136641218792647, 0.00018515401461627334
40, 637, -0.00041220340062864125, 0.00018515401461627334
41, 637, -0.00022189064475242049, 0.00018515401461627334
42, 637, -0.00043232826283201575, 0.00018515401461627334
43, 637, -0.00012007066106889397, 0.00018515401461627334
44, 637, -0.000498770852573216, 0.00018515401461627334
45, 637, -0.0004406631051097065, 0.00018515401461627334
46, 637, -0.00041585424332879484, 0.00018515401461627334
47, 637, -0.00019782468734774739, 0.00018515401461627334
48, 637, -7.161734538385645e-05, 0.00018515401461627334
49, 637, -0.00016607687575742602, 0.00018515401461627334
50, 637, -0.00012678316852543503, 0.00018515401461627334
51, 637, -2.2110751160653308e-05, 0.00018515401461627334
52, 637, -0.00017544053844176233, 0.00018515401461627334
53, 637, -0.00015869179333094507, 0.00018515401461627334
54, 637, -9.068341023521498e-05, 0.00018515401461627334
55, 637, -0.0003699524386320263, 0.00018515401461627334
56, 637, -0.0002631055540405214, 0.00018515401461627334
57, 637, -0.00010878728062380105, 0.00018515401461627334
58, 637, -0.00017433520406484604, 0.00018515401461627334
59, 637, -0.00015650699788238853, 0.00018515401461627334
60, 637, -0.00024775188649073243, 0.00018515401461627334
61, 637, -0.0005691744736395776, 0.00018515401461627334
62, 637, -8.69351060828194e-05, 0.00018515401461627334
63, 637, -0.00017234025290235877, 0.00018515401461627334
64, 637, -0.0003104596689809114, 0.00018515401461627334
65, 637, -0.00016411497199442238, 0.00018515401461627334
66, 637, -0.0003525224747136235, 0.00018515401461627334
67, 637, -0.00023871786834206432, 0.00018515401461627334
68, 637, -0.00036250922130420804, 0.00018515401461627334
69, 637, -0.0005483222776092589, 0.00018515401461627334
70, 637, -0.0005462396657094359, 0.00018515401461627334
71, 637, -0.0002930571499746293, 0.00018515401461627334
72, 637, -0.0001840480836108327, 0.00018515401461627334
73, 637, -0.0003566643863450736, 0.00018515401461627334
37, 638, -0.00022416582214646041, 0.00018515401461627334
38, 638, -0.0002924550499301404, 0.00018515401461627334
39, 638, -0.00020841324294451624, 0.00018515401461627334
40, 638, -0.00034853213583119214, 0.00018515401461627334
41, 638, -0.0002214471169281751, 0.00018515401461627334
42, 638, -0.0002449823950883001, 0.00018515401461627334
43, 638, -0.0002625692286528647, 0.00018515401461627334
44, 638, -0.00018156057922169566, 0.00018515401461627334
45, 638, -0.0001826914376579225, 0.00018515401461627334
46, 638, -0.0001676169049460441, 0.00018515401461627334
47, 638, -9.3506918346975e-05, 0.00018515401461627334
48, 638, -1.0978044883813709e-05, 0.00018515401461627334
49, 638, -0.00035795968142338097, 0.00018515401461627334
50, 638, -4.417544914758764e-05, 0.00018515401461627334
51, 638, -0.0001322918978985399, 0.00018515401461627334
52, 638, -0.0003618450718931854, 0.00018515401461627334
53, 638, -0.00010485452366992831, 0.00018515401461627334
54, 638, -7.223925786092877e-05, 0.00018515401461627334
55, 638, -0.00011468437151052058, 0.00018515401461627334
56, 638, -0.00010195451613981277, 0.00018515401461627334
57, 638, -7.406432996504009e-05, 0.00018515401461627334
58, 638, -0.0003438871935941279, 0.00018515401461627334
59, 638, -5.496616358868778e-05, 0.00018515401461627334
60, 638, -0.0003640387731138617, 0.00018515401461627334
61, 638, -0.00020262070756871253, 0.00018515401461627334
62, 638, -0.00031013728585094213, 0.00018515401461627334
63, 638, -5.371128281694837e-05, 0.00018515401461627334
64, 638, -0.00015948321379255503, 0.00018515401461627334
65, 638, -0.0002769741404335946, 0.00018515401461627334
66, 638, -0.00028401054441928864, 0.00018515401461627334
67, 638, -0.000339856167556718, 0.00018515401461627334
68, 638, -0.00023036071797832847, 0.00018515401461627334
69, 638, -2.6456909836269915e-05, 0.00018515401461627334
70, 638, -0.00032565114088356495, 0.00018515401461627334
71, 638, -0.00033199117751792073, 0.00018515401461627334
72, 638, -0.0004674044612329453, 0.00018515401461627334
73, 638, -0.00030334977782331407, 0.00018515401461627334
37, 639, -3.987269155913964e-05, 0.00018515401461627334
38, 639, -0.0004285982286091894, 0.00018515401461627334
39, 639, 8.650329982629046e-05, 0.00018515401461627334
40, 639, -0.0001507739070802927, 0.00018515401461627334
41, 639, -0.000307528767734766, 0.00018515401461627334
42, 639, -0.0003255481133237481, 0.00018515401461627334
43, 639, -0.00031328893965110183, 0.00018515401461627334
44, 639, -6.22101069893688e-05, 0.00018515401461627334
45, 639, 1.018698912957916e-05, 0.00018515401461627334
46, 639, -0.00027684439555741847, 0.00018515401461627334
47, 639, -3.2874642784008756e-05, 0.00018515401461627334
48, 639, -0.00018954530241899192, 0.00018515401461627334
49, 639, -0.0003174868179485202, 0.00018515401461627334
50, 639, -5.5482763855252415e-05, 0.00018515401461627334
51, 639, -0.00033082099980674684, 0.00018515401461627334
52, 639, -0.00024858428514562547, 0.00018515401461627334
53, 639, -0.00035253269015811384, 0.00018515401461627334
54, 639, -3.0345119739649817e-05, 0.00018515401461627334
55, 639, 0.00015272405289579183, 0.00018515401461627334
56, 639, -2.6339275791542605e-05, 0.00018515401461627334
57, 639, -0.00027511679218150675, 0.00018515401461627334
58, 639, -0.00017157640832010657, 0.00018515401461627334
59, 639, -4.295822509448044e-05, 0.00018515401461627334
60, 639, -0.0002389593282714486, 0.00018515401461627334
61, 639, -0.00021146242215763777, 0.00018515401461627334
62, 639, -0.00023299446911551058, 0.00018515401461627334
63, 639, -9.766850416781381e-05, 0.00018515401461627334
64, 639, -0.00015420159616041929, 0.00018515401461627334
65, 639, 4.0169412386603653e-05, 0.00018515401461627334
66, 639, -0.00034130943822674453, 0.00018515401461627334
67, 639, -0.0002263103669974953, 0.00018515401461627334
68, 639, -0.00046716167707927525, 0.00018515401461627334
69, 639, -0.00034380031866021454, 0.00018515401461627334
70, 639, -0.0002524673764128238, 0.00018515401461627334
71, 639, -0.00028413208201527596, 0.00018515401461627334
72, 639, -0.0002633696421980858, 0.00018515401461627334
73, 639, -9.21117389225401e-05, 0.00018515401461627334
37, 640, -0.00019551563309505582, 0.00018515401461627334
38, 640, -0.000264870875980705, 0.00018515401461627334
39, 640, -0.00018043990712612867, 0.00018515401461627334
40, 640, -0.00014762238424737006, 0.00018515401461627334
41, 640, 0.0001234412775374949, 0.00018515401461627334
42, 640, -7.296620606211945e-05, 0.00018515401461627334
43, 640, -5.235077333054505e-05, 0.00018515401461627334
44, 640, -9.163508366327733e-05, 0.00018515401461627334
45, 640, -0.00011408508726162836, 0.00018515401461627334
46, 640, -9.371720079798251e-05, 0.00018515401461627334
47, 640, -0.0003334656066726893, 0.00018515401461627334
48, 640, 4.429466571309604e-05, 0.00018515401461627334
49, 640, -0.00014800454664509743, 0.00018515401461627334
50, 640, -0.00022750391508452594, 0.00018515401461627334
51, 640, 4.362173058325425e-05, 0.00018515401461627334
52, 640, -1.5457422705367208e-05, 0.00018515401461627334
53, 640, -0.00021864437439944595, 0.00018515401461627334
54, 640, -2.437694820400793e-05, 0.00018515401461627334
55, 640, -4.930854629492387e-05, 0.00018515401461627334
56, 640, -9.444701572647318e-05, 0.00018515401461627334
57, 640, 0.00011084169091191143, 0.00018515401461627334
58, 640, -0.0001145105852629058, 0.00018515401461627334
59, 640, -0.0001220826816279441, 0.00018515401461627334
60, 640, -0.00013644310820382088, 0.00018515401461627334
61, 640, -4.4681808503810316e-05, 0.00018515401461627334
62, 640, -0.00034235711791552603, 0.00018515401461627334
63, 640, -0.00013364318874664605, 0.00018515401461627334
64, 640, -0.0004302819725126028, 0.00018515401461627334
65, 640, -0.00015821430133655667, 0.00018515401461627334
66, 640, -0.0001420675398549065, 0.00018515401461627334
67, 640, -0.0004349160008132458, 0.00018515401461627334
68, 640, -0.00030938597046770155, 0.00018515401461627334
69, 640, -0.0003354591317474842, 0.00018515401461627334
70, 640, -0.00035019684582948685, 0.00018515401461627334
71, 640, 1.3436378139886074e-05, 0.00018515401461627334
72, 640, -0.000439945055404678, 0.00018515401461627334
73, 640, -0.0003055768320336938, 0.00018515401461627334
37, 641, -7.451169221894816e-05, 0.00018515401461627334
38, 641, -0.00023686082568019629, 0.00018515401461627334
39, 641, -0.00012155069998698309, 0.00018515401461627334
40, 641, 0.0013834944693371654, 0.00018515401461627334
41, 641, -0.00016400711319874972, 0.00018515401461627334
42, 641, -0.00013496897008735687, 0.00018515401461627334
43, 641, 0.0002172164968214929, 0.00018515401461627334
44, 641, -0.00012785595026798546, 0.00018515401461627334
45, 641, -0.00015943904872983694, 0.00018515401461627334
46, 641, -8.204868208849803e-05, 0.00018515401461627334
47, 641, 6.174904683575733e-06, 0.00018515401461627334
48, 641, -0.00013542136002797633, 0.00018515401461627334
49, 641, -0.00018486505723558366, 0.00018515401461627334
50, 641, -6.543727067764848e-05, 0.00018515401461627334
51, 641, -0.00011437491048127413, 0.00018515401461627334
52, 641, -9.831436182139441e-05, 0.00018515401461627334
53, 641, -4.998084841645323e-05, 0.00018515401461627334
54, 641, -0.00024147506337612867, 0.00018515401461627334
55, 641, -7.957643538247794e-05, 0.00018515401461627334
56, 641, -5.8644640375860035e-05, 0.00018515401461627334
57, 641, 0.0001261926954612136, 0.00018515401461627334
58, 641, -0.00017891117022372782, 0.00018515401461627334
59, 641, 7.144641858758405e-05, 0.00018515401461627334
60, 641, -0.00012075567792635411, 0.00018515401461627334
61, 641, -7.029547123238444e-05, 0.00018515401461627334
62, 641, 2.6146808522753417e-06, 0.00018515401461627334
63, 641, 5.7151402870658785e-05, 0.00018515401461627334
64, 641, -8.615240949438885e-05, 0.00018515401461627334
65, 641, -9.670245344750583e-05, 0.00018515401461627334
66, 641, 2.5114926756941713e-05, 0.00018515401461627334
67, 641, -0.0004141933168284595, 0.00018515401461627334
68, 641, 3.369012483744882e-05, 0.00018515401461627334
69, 641, -0.00013662490528076887, 0.00018515401461627334
70, 641, -0.00038827117532491684, 0.00018515401461627334
71, 641, -0.0004399618483148515, 0.00018515401461627334
72, 641, -0.000152988126501441, 0.00018515401461627334
73, 641, -0.0001604311546543613, 0.00018515401461627334
37, 642, -0.00010460723569849506, 0.00018515401461627334
38, 642, 0.000190365404705517, 0.00018515401461627334
39, 642, -0.00030903558945283294, 0.00018515401461627334
40, 642, 7.620962423970923e-05, 0.00018515401461627334
41, 642, -5.473696728586219e-05, 0.00018515401461627334
42, 642, 8.575784886488691e-05, 0.00018515401461627334
43, 642, -0.00020878178474958986, 0.00018515401461627334
44, 642, -0.00011724038631655276, 0.00018515401461627334
45, 642, -6.294165359577164e-05, 0.00018515401461627334
46, 642, -0.00031160932849161327, 0.00018515401461627334
47, 642, -0.0004314734833315015, 0.00018515401461627334
48, 642, -0.0002407516585662961, 0.00018515401461627334
49, 642, 3.697814463521354e-05, 0.00018515401461627334
50, 642, -0.0001373536215396598, 0.00018515401461627334
51, 642, 6.537169610965066e-06, 0.00018515401461627334
52, 642, -7.586737046949565e-05, 0.00018515401461627334
53, 642, -9.600751218385994e-05, 0.00018515401461627334
54, 642, -6.58455173834227e-05, 0.00018515401461627334
55, 642, 0.00012547311780508608, 0.00018515401461627334
56, 642, 0.00010543439566390589, 0.00018515401461627334
57, 642, 0.00014865686534903944, 0.00018515401461627334
58, 642, -8.237150177592412e-05, 0.00018515401461627334
59, 642, 9.850911010289565e-05, 0.00018515401461627334
60, 642, 4.5461143827196793e-07, 0.00018515401461627334
61, 642, 5.363244054024108e-05, 0.00018515401461627334
62, 642, 7.54012944526039e-05, 0.00018515401461627334
63, 642, 5.097098255646415e-05, 0.00018515401461627334
64, 642, 4.050468487548642e-05, 0.00018515401461627334
65, 642, -0.00026571989292278886, 0.00018515401461627334
66, 642, -0.00018144238856621087, 0.00018515401461627334
67, 642, -7.490750431315973e-05, 0.00018515401461627334
68, 642, 8.594543032813817e-06, 0.00018515401461627334
69, 642, -0.00024840488913469017, 0.00018515401461627334
70, 642, -0.0003364957810845226, 0.00018515401461627334
71, 642, -3.563787686289288e-05, 0.00018515401461627334
72, 642, -0.0001449690607842058, 0.00018515401461627334
73, 642, -0.0001654082880122587, 0.00018515401461627334
37, 643, 0.00021619282779283822, 0.00018515401461627334
38, 643, 0.00011152055230922997, 0.00018515401461627334
39, 643, 0.00021482382726389915, 0.00018515401461627334
40, 643, -0.00013003933418076485, 0.00018515401461627334
41, 643, 0.0002994652895722538, 0.00018515401461627334
42, 643, 3.4843036701204255e-05, 0.00018515401461627334
43, 643, 6.952209514565766e-05, 0.00018515401461627334
44, 643, 8.486275328323245e-05, 0.00018515401461627334
45, 643, -0.0003233723109588027, 0.00018515401461627334
46, 643, 0.00012553439592011273, 0.00018515401461627334
47, 643, -1.4577921319869347e-05, 0.00018515401461627334
48, 643, -0.00016478955512866378, 0.00018515401461627334
49, 643, -0.00014972059580031782, 0.00018515401461627334
50, 643, -2.0247878637746908e-05, 0.00018515401461627334
51, 643, 6.0884354752488434e-05, 0.00018515401461627334
52, 643, -7.43547425372526e-05, 0.00018515401461627334
53, 643, 0.0001014642184600234, 0.00018515401461627334
54, 643, -0.00014356421888805926, 0.00018515401461627334
55, 643, -0.00010203596320934594, 0.00018515401461627334
56, 643, 2.2817675926489756e-05, 0.00018515401461627334
57, 643, 0.0001738683640724048, 0.00018515401461627334
58, 643, 7.579058001283556e-05, 0.00018515401461627334
59, 643, 0.0002042331761913374, 0.00018515401461627334
60, 643, -3.944205309380777e-05, 0.00018515401461627334
61, 643, -6.961325561860576e-05, 0.00018515401461627334
62, 643, 4.834673018194735e-05, 0.00018515401461627334
63, 643, 0.0002460024843458086, 0.00018515401461627334
64, 643, -7.56637382437475e-05, 0.00018515401461627334
65, 643, -2.7953030439675786e-05, 0.00018515401461627334
66, 643, 0.00012944464106112719, 0.00018515401461627334
67, 643, -0.00020980565750505775, 0.00018515401461627334
68, 643, -9.533744741929695e-05, 0.00018515401461627334
69, 643, -8.809671271592379e-05, 0.00018515401461627334
70, 643, 1.2579401300172321e-05, 0.00018515401461627334
71, 643, 6.527266668854281e-05, 0.00018515401461627334
72, 643, -0.000272410165052861, 0.00018515401461627334
73, 643, -0.0002705107326619327, 0.00018515401461627334
37, 644, 0.00010965751425828785, 0.00018515401461627334
38, 644, 1.5609126421622932e-05, 0.00018515401461627334
39, 644, -5.6148757721530274e-05, 0.00018515401461627334
40, 644, 8.030259050428867e-05, 0.00018515401461627334
41, 644, 0.0001934419124154374, 0.00018515401461627334
42, 644, 0.00023939237871672958, 0.00018515401461627334
43, 644, 6.361791747622192e-05, 0.00018515401461627334
44, 644, -0.00023851357400417328, 0.00018515401461627334
45, 644, 6.885673792567104e-05, 0.00018515401461627334
46, 644, -3.2649704735376872e-06, 0.00018515401461627334
47, 644, 6.50862930342555e-05, 0.00018515401461627334
48, 644, -0.00014377429033629596, 0.00018515401461627334
49, 644, -4.3068223021691665e-05, 0.00018515401461627334
50, 644, -0.0001722501910990104, 0.00018515401461627334
51, 644, 0.00021372271294239908, 0.00018515401461627334
52, 644, -0.00019050798437092453, 0.00018515401461627334
53, 644, -6.471322558354586e-05, 0.00018515401461627334
54, 644, 0.00012776782386936247, 0.00018515401461627334
55, 644, 0.00015713083848822862, 0.00018515401461627334
56, 644, 0.00015192179125733674, 0.00018515401461627334
57, 644, 8.558908302802593e-05, 0.00018515401461627334
58, 644, 9.989543468691409e-05, 0.00018515401461627334
59, 644, 0.00020642377785407007, 0.00018515401461627334
60, 644, 0.00017916259821504354, 0.00018515401461627334
61, 644, 0.00022748441551811993, 0.00018515401461627334
62, 644, 4.0651768358657137e-05, 0.00018515401461627334
63, 644, 0.0001426173694198951, 0.00018515401461627334
64, 644, -3.755596844712272e-05, 0.00018515401461627334
65, 644, 1.9928667825297453e-05, 0.00018515401461627334
66, 644, -7.572615140816197e-05, 0.00018515401461627334
67, 644, 0.0001842135825427249, 0.00018515401461627334
68, 644, -0.00045289070112630725, 0.00018515401461627334
69, 644, -8.699182217242196e-05, 0.00018515401461627334
70, 644, -4.369253292679787e-05, 0.00018515401461627334
71, 644, 5.129180135554634e-05, 0.00018515401461627334
72, 644, -0.0001739533618092537, 0.00018515401461627334
73, 644, -0.0002032307384070009, 0.00018515401461627334
37, 645, 7.890889537520707e-05, 0.00018515401461627334
38, 645, 0.00012847040488850325, 0.00018515401461627334
39, 645, 0.00022714574879501015, 0.00018515401461627334
40, 645, 0.00027792001492343843, 0.00018515401461627334
41, 645, 0.00011439126683399081, 0.00018515401461627334
42, 645, 5.821028753416613e-05, 0.00018515401461627334
43, 645, 1.3058303920843173e-05, 0.00018515401461627334
44, 645, 3.4353433875367045e-05, 0.00018515401461627334
45, 645, 0.00019137206254526973, 0.00018515401461627334
46, 645, 0.00010292325896443799, 0.00018515401461627334
47, 645, -0.00025949120754376054, 0.00018515401461627334
48, 645, 9.090890671359375e-05, 0.00018515401461627334
49, 645, 1.0322789421479683e-05, 0.00018515401461627334
50, 645, -0.00040351395728066564, 0.00018515401461627334
51, 645, 0.00010139631922356784, 0.00018515401461627334
52, 645, -4.945417458657175e-05, 0.00018515401461627334
53, 645, -1.114449514716398e-05, 0.00018515401461627334
54, 645, 0.00010672859934857115, 0.00018515401461627334
55, 645, 0.00017022907559294254, 0.00018515401461627334
56, 645, -0.00019131347653456032, 0.00018515401461627334
57, 645, 0.0004375237040221691, 0.00018515401461627334
58, 645, 3.68712680938188e-05, 0.00018515401461627334
59, 645, 0.0002322424843441695, 0.00018515401461627334
60, 645, 0.00021100844605825841, 0.00018515401461627334
61, 645, 0.00034129447885788977, 0.00018515401461627334
62, 645, 0.0002042902633547783, 0.00018515401461627334
63, 645, 5.073611464467831e-05, 0.00018515401461627334
64, 645, 0.00010366256901761517, 0.00018515401461627334
65, 645, 8.743577200220898e-05, 0.00018515401461627334
66, 645, -7.782421016599983e-05, 0.00018515401461627334
67, 645, -0.00010882112110266462, 0.00018515401461627334
68, 645, 7.980596819834318e-06, 0.00018515401461627334
69, 645, -4.0705432184040546e-05, 0.00018515401461627334
70, 645, -0.00016981390945147723, 0.00018515401461627334
71, 645, -0.00016153918113559484, 0.00018515401461627334
72, 645, -0.00018674771126825362, 0.00018515401461627334
73, 645, -0.0001787813234841451, 0.00018515401461627334
37, 646, 0.00010921028297161683, 0.00018515401461627334
38, 646, 0.00016341092123184353, 0.00018515401461627334
39, 646, 0.00019779117428697646, 0.00018515401461627334
40, 646, -3.657556226244196e-05, 0.00018515401461627334
41, 646, 7.599481705256039e-06, 0.00018515401461627334
42, 646, 0.00011113133223261684, 0.00018515401461627334
43, 646, 0.0002570998331066221, 0.00018515401461627334
44, 646, 0.00020936310465913266, 0.00018515401461627334
45, 646, 0.00017101704725064337, 0.00018515401461627334
46, 646, -0.00011652727698674425, 0.00018515401461627334
47, 646, -7.037690375000238e-05, 0.00018515401461627334
48, 646, -9.433872764930129e-05, 0.00018515401461627334
49, 646, -0.0001340933085884899, 0.00018515401461627334
50, 646, -0.00016904849326238036, 0.00018515401461627334
51, 646, 7.66842276789248e-05, 0.00018515401461627334
52, 646, 5.0139853556174785e-05, 0.00018515401461627334
53, 646, 0.0002883438428398222, 0.00018515401461627334
54, 646, 0.000267605617409572, 0.00018515401461627334
55, 646, 0.00012911819794680923, 0.00018515401461627334
56, 646, 0.00017446365382056683, 0.00018515401461627334
57, 646, 0.0003433658857829869, 0.00018515401461627334
58, 646, 0.0002705153892748058, 0.00018515401461627334
59, 646, 5.618535215035081e-05, 0.00018515401461627334
60, 646, 0.0001639129186514765, 0.00018515401461627334
61, 646, 1.9080942365690134e-05, 0.00018515401461627334
62, 646, 1.2865538337791804e-05, 0.00018515401461627334
63, 646, 0.00030878232792019844, 0.00018515401461627334
64, 646, 0.00026307650841772556, 0.00018515401461627334
65, 646, -1.0554339269219781e-06, 0.00018515401461627334
66, 646, 0.00016744981985539198, 0.00018515401461627334
67, 646, -1.6843065168359317e-05, 0.00018515401461627334
68, 646, -0.00012628869444597512, 0.00018515401461627334
69, 646, -1.5041784706681938e-07, 0.00018515401461627334
70, 646, -0.00010622260015225038, 0.00018515401461627334
71, 646, -0.0004208991304039955, 0.00018515401461627334
72, 646, -3.8186157325981185e-05, 0.00018515401461627334
73, 646, -0.00015718764916528016, 0.00018515401461627334
37, 647, 0.00012332855840213597, 0.00018515401461627334
38, 647, 0.00021291602752171457, 0.00018515401461627334
39, 647, 0.0002601258456707001, 0.00018515401461627334
40, 647, 0.00020410136494319886, 0.00018515401461627334
41, 647, 7.229959010146558e-05, 0.00018515401461627334
42, 647, 0.0004152205656282604, 0.00018515401461627334
43, 647, 7.053607987472787e-05, 0.00018515401461627334
44, 647, -7.228340109577402e-05, 0.00018515401461627334
45, 647, 0.00011144713062094525, 0.00018515401461627334
46, 647, 5.836621130583808e-05, 0.00018515401461627334
47, 647, -0.00032794004073366523, 0.00018515401461627334
48, 647, -4.6618581109214574e-05, 0.00018515401461627334
49, 647, -2.616174788272474e-05, 0.00018515401461627334
50, 647, 8.548561163479462e-05, 0.00018515401461627334
51, 647, -6.391403439920396e-05, 0.00018515401461627334
52, 647, -4.499273200053722e-05, 0.00018515401461627334
53, 647, 0.0001777857542037964, 0.00018515401461627334
54, 647, -0.00010155648487852886, 0.00018515401461627334
55, 647, 0.00021547451615333557, 0.00018515401461627334
56, 647, 0.00016850086103659123, 0.00018515401461627334
57, 647, 6.103938358137384e-05, 0.00018515401461627334
58, 647, -1.6283940567518584e-05, 0.00018515401461627334
59, 647, 0.0004584370763041079, 0.00018515401461627334
60, 647, 0.00018315782654099166, 0.00018515401461627334
61, 647, 7.16173744876869e-05, 0.00018515401461627334
62, 647, -4.843674832955003e-05, 0.00018515401461627334
63, 647, 0.00011395289038773626, 0.00018515401461627334
64, 647, -3.7072957184136612e-06, 0.00018515401461627334
65, 647, -5.291733941703569e-06, 0.00018515401461627334
66, 647, 0.0001683087757555768, 0.00018515401461627334
67, 647, -6.956629658816382e-05, 0.00018515401461627334
68, 647, 2.1825133444508538e-05, 0.00018515401461627334
69, 647, -6.099105121393222e-06, 0.00018515401461627334
70, 647, -0.00010403498163213953, 0.00018515401461627334
71, 647, -0.00028786752955056727, 0.00018515401461627334
72, 647, 0.00013329782814253122, 0.00018515401461627334
73, 647, -0.00020737388695124537, 0.00018515401461627334
37, 648, 0.000421837525209412, 0.00018515401461627334
38, 648, 0.0003432266239542514, 0.00018515401461627334
39, 648, -1.4360188288264908e-05, 0.00018515401461627334
40, 648, 0.00021127040963619947, 0.00018515401461627334
41, 648, -5.183520261198282e-05, 0.00018515401461627334
42, 648, 2.4282975573441945e-05, 0.00018515401461627334
43, 648, 5.700398833141662e-05, 0.00018515401461627334
44, 648, 0.000198005887796171, 0.00018515401461627334
45, 648, 5.3829196986043826e-05, 0.00018515401461627334
46, 648, -2.503112773410976e-05, 0.00018515401461627334
47, 648, -0.00023125315783545375, 0.00018515401461627334
48, 648, -0.00015600792539771646, 0.00018515401461627334
49, 648, -0.00014088425086811185, 0.00018515401461627334
50, 648, -9.463576861890033e-05, 0.00018515401461627334
51, 648, 5.4286127124214545e-05, 0.00018515401461627334
52, 648, -1.0623581374602509e-06, 0.00018515401461627334
53, 648, -3.75396448362153e-05, 0.00018515401461627334
54, 648, 5.835204865434207e-05, 0.00018515401461627334
55, 648, 0.00019942992366850376, 0.00018515401461627334
56, 648, 4.473820808925666e-05, 0.00018515401461627334
57, 648, -0.00023242020688485354, 0.00018515401461627334
58, 648, 0.00020905080600641668, 0.00018515401461627334
59, 648, 0.0002161240263376385, 0.00018515401461627334
60, 648, 4.86311582790222e-05, 0.00018515401461627334
61, 648, 1.831902591220569e-05, 0.00018515401461627334
62, 648, -6.706806016154587e-05, 0.00018515401461627334
63, 648, -2.6787451133714058e-05, 0.00018515401461627334
64, 648, 0.00010047571413451806, 0.00018515401461627334
65, 648, 5.932260683039203e-05, 0.00018515401461627334
66, 648, -1.5435451132361777e-05, 0.00018515401461627334
67, 648, 0.0001082817034330219, 0.00018515401461627334
68, 648, -2.9328350137802772e-05, 0.00018515401461627334
69, 648, -9.251544543076307e-05, 0.00018515401461627334
70, 648, -0.0002948375476989895, 0.00018515401461627334
71, 648, -0.00021400880359578878, 0.00018515401461627334
72, 648, -0.0003463646280579269, 0.00018515401461627334
73, 648, -0.00043690766324289143, 0.00018515401461627334
37, 649, 0.00019905665249098092, 0.00018515401461627334
38, 649, 4.383019404485822e-05, 0.00018515401461627334
39, 649, -0.00025284767616540194, 0.00018515401461627334
40, 649, 0.00012743627303279936, 0.00018515401461627334
41, 649, 7.917783659650013e-05, 0.00018515401461627334
42, 649, 6.854649109300226e-05, 0.00018515401461627334
43, 649, -0.0002456044894643128, 0.00018515401461627334
44, 649, -3.886643025907688e-05, 0.00018515401461627334
45, 649, 7.219123654067516e-05, 0.00018515401461627334
46, 649, -0.00011382332013454288, 0.00018515401461627334
47, 649, -0.0003618769987951964, 0.00018515401461627334
48, 649, -5.3759958973387256e-05, 0.00018515401461627334
49, 649, -3.9715083403280005e-05, 0.00018515401461627334
50, 649, 0.00010222535638604313, 0.00018515401461627334
51, 649, -7.403762720059603e-05, 0.00018515401461627334
52, 649, 6.18406047578901e-05, 0.00018515401461627334
53, 649, 2.1326550267986022e-05, 0.00018515401461627334
54, 649, 3.873002060572617e-05, 0.00018515401461627334
55, 649, -9.100610441237222e-06, 0.00018515401461627334
56, 649, -1.871878885140177e-05, 0.00018515401461627334
57, 649, 3.841472425847314e-05, 0.00018515401461627334
58, 649, 2.0446798316697823e-06, 0.00018515401461627334
59, 649, 4.326087218942121e-05, 0.00018515401461627334
60, 649, 0.0002349282003706321, 0.00018515401461627334
61, 649, 0.00011837411148007959, 0.00018515401461627334
62, 649, 8.999670171760954e-06, 0.00018515401461627334
63, 649, -7.364531484199688e-05, 0.00018515401461627334
64, 649, 0.00014425936387851834, 0.00018515401461627334
65, 649, -6.399369158316404e-05, 0.00018515401461627334
66, 649, -3.8259622670011595e-05, 0.00018515401461627334
67, 649, 5.543913721339777e-05, 0.00018515401461627334
68, 649, -0.00012579529720824212, 0.00018515401461627334
69, 649, -0.0001909526763483882, 0.00018515401461627334
70, 649, -0.00026590866036713123, 0.00018515401461627334
71, 649, -0.00028078333707526326, 0.00018515401461627334
72, 649, -0.0002736525784712285, 0.00018515401461627334
73, 649, -0.00032015147735364735, 0.00018515401461627334
37, 650, 0.00016946997493505478, 0.00018515401461627334
38, 650, -4.609930329024792e-05, 0.00018515401461627334
39, 650, 5.2103994676144794e-05, 0.00018515401461627334
40, 650, 0.00013392214896157384, 0.00018515401461627334
41, 650, -9.278389370592777e-06, 0.00018515401461627334
42, 650, -0.00016142625827342272, 0.00018515401461627334
43, 650, -4.7183075366774574e-05, 0.00018515401461627334
44, 650, -0.0002095524250762537, 0.00018515401461627334
45, 650, -3.955816282541491e-05, 0.00018515401461627334
46, 650, -7.079498755047098e-05, 0.00018515401461627334
47, 650, 3.785881926887669e-05, 0.00018515401461627334
48, 650, -1.0540195944486186e-05, 0.00018515401461627334
49, 650, -3.585320882848464e-05, 0.00018515401461627334
50, 650, -0.00017050903989002109, 0.00018515401461627334
51, 650, -0.0002988589112646878, 0.00018515401461627334
52, 650, -0.00012287634308449924, 0.00018515401461627334
53, 650, 0.0004282223235350102, 0.00018515401461627334
54, 650, 5.690065518137999e-05, 0.00018515401461627334
55, 650, -8.503682329319417e-05, 0.00018515401461627334
56, 650, 8.064729627221823e-05, 0.00018515401461627334
57, 650, -0.00013564284017775208, 0.00018515401461627334
58, 650, -5.8830839407164603e-05, 0.00018515401461627334
59, 650, -1.764392618497368e-05, 0.00018515401461627334
60, 650, 5.5611908464925364e-05, 0.00018515401461627334
61, 650, 0.00034376175608485937, 0.00018515401461627334
62, 650, 8.555920430808328e-06, 0.00018515401461627334
63, 650, -0.00012930466618854553, 0.00018515401461627334
64, 650, -0.00016844978381413966, 0.00018515401461627334
65, 650, 2.800638321787119e-05, 0.00018515401461627334
66, 650, 0.00020133839279878885, 0.00018515401461627334
67, 650, -6.0968515754211694e-05, 0.00018515401461627334
68, 650, -0.00033308411366306245, 0.00018515401461627334
69, 650, -0.0001520302757853642, 0.00018515401461627334
70, 650, -0.000186807825230062, 0.00018515401461627334
71, 650, 3.3692784199956805e-05, 0.00018515401461627334
72, 650, -0.0004238275287207216, 0.00018515401461627334
73, 650, -0.00022149259166326374, 0.00018515401461627334
37, 651, 1.6617686924291775e-05, 0.00018515401461627334
38, 651, 0.00031771426438353956, 0.00018515401461627334
39, 651, 4.449079278856516e-05, 0.00018515401461627334
40, 651, -8.086088200798258e-05, 0.00018515401461627334
41, 651, -0.00014090584591031075, 0.00018515401461627334
42, 651, 1.0338985703128856e-05, 0.00018515401461627334
43, 651, -1.764717853802722e-05, 0.00018515401461627334
44, 651, -0.00021400241530500352, 0.00018515401461627334
45, 651, -0.00034451988176442683, 0.00018515401461627334
46, 651, 7.963573443703353e-05, 0.00018515401461627334
47, 651, -0.00018441211432218552, 0.00018515401461627334
48, 651, 7.934201130410656e-05, 0.00018515401461627334
49, 651, -0.00010494373418623582, 0.00018515401461627334
50, 651, 6.872991798445582e-05, 0.00018515401461627334
51, 651, -0.0001649999903747812, 0.00018515401461627334
52, 651, -5.015480564907193e-05, 0.00018515401461627334
53, 651, 4.079938298673369e-05, 0.00018515401461627334
54, 651, 5.127420445205644e-05, 0.00018515401461627334
55, 651, 8.137120312312618e-05, 0.00018515401461627334
56, 651, -4.818900197278708e-05, 0.00018515401461627334
57, 651, 1.9606337446020916e-05, 0.00018515401461627334
58, 651, 0.00012546911602839828, 0.00018515401461627334
59, 651, 2.1219987047516042e-06, 0.00018515401461627334
60, 651, 0.0002340147184440866, 0.00018515401461627334
61, 651, 2.501316885172855e-05, 0.00018515401461627334
62, 651, -0.0002076243981719017, 0.00018515401461627334
63, 651, -0.00025375542463734746, 0.00018515401461627334
64, 651, -0.00010152740287594497, 0.00018515401461627334
65, 651, -0.00019544834503903985, 0.00018515401461627334
66, 651, -0.0002672020345926285, 0.00018515401461627334
67, 651, -8.96643177838996e-06, 0.00018515401461627334
68, 651, -0.00036782713141292334, 0.00018515401461627334
69, 651, -0.0003258218930568546, 0.00018515401461627334
70, 651, -0.0002962104044854641, 0.00018515401461627334
71, 651, -0.00013844802742823958, 0.00018515401461627334
72, 651, -0.00015998769958969206, 0.00018515401461627334
73, 651, -4.220039045321755e-05, 0.00018515401461627334
37, 652, 8.850132871884853e-05, 0.00018515401461627334
38, 652, -9.805791705730371e-06, 0.00018515401461627334
39, 652, -3.877676499541849e-05, 0.00018515401461627334
40, 652, -4.235368032823317e-05, 0.00018515401461627334
41, 652, -0.0003707722353283316, 0.00018515401461627334
42, 652, -0.0001494808675488457, 0.00018515401461627334
43, 652, -0.00017283485794905573, 0.00018515401461627334
44, 652, -0.00024682897492311895, 0.00018515401461627334
45, 652, 3.648038909886964e-05, 0.00018515401461627334
46, 652, -1.6733110896893777e-05, 0.00018515401461627334
47, 652, 0.00012708206486422569, 0.00018515401461627334
48, 652, -0.0004533318569883704, 0.00018515401461627334
49, 652, -0.00017798035696614534, 0.00018515401461627334
50, 652, -0.0003052240936085582, 0.00018515401461627334
51, 652, -1.1374357200111263e-05, 0.00018515401461627334
52, 652, -0.00023295218124985695, 0.00018515401461627334
53, 652, 6.95026246830821e-05, 0.00018515401461627334
54, 652, -7.000398909440264e-05, 0.00018515401461627334
55, 652, -0.00019841532048303634, 0.00018515401461627334
56, 652, 9.047220373759046e-05, 0.00018515401461627334
57, 652, 5.193307879380882e-05, 0.00018515401461627334
58, 652, 0.00018274069589097053, 0.00018515401461627334
59, 652, 7.967419514898211e-05, 0.00018515401461627334
60, 652, -0.00010433880379423499, 0.00018515401461627334
61, 652, -0.0002807894197758287, 0.00018515401461627334
62, 652, 0.0001738186547299847, 0.00018515401461627334
63, 652, -0.00024457642575725913, 0.00018515401461627334
64, 652, 7.016116433078423e-05, 0.00018515401461627334
65, 652, -0.00027489475905895233, 0.00018515401461627334
66, 652, -0.0002492699713911861, 0.00018515401461627334
67, 652, -0.00017481361282989383, 0.00018515401461627334
68, 652, -1.027315556711983e-05, 0.00018515401461627334
69, 652, -0.00024946677149273455, 0.00018515401461627334
70, 652, -6.491350359283388e-05, 0.00018515401461627334
71, 652, -0.00024827971355989575, 0.00018515401461627334
72, 652, -0.00036633273703046143, 0.00018515401461627334
73, 652, -0.00030962261371314526, 0.00018515401461627334
37, 653, 0.00013943645171821117, 0.00018515401461627334
38, 653, 2.965914609376341e-05, 0.00018515401461627334
39, 653, 2.006184331548866e-05, 0.00018515401461627334
40, 653, 0.00011171864753123373, 0.00018515401461627334
41, 653, 3.873387322528288e-05, 0.00018515401461627334
42, 653, -0.00016457868332508951, 0.00018515401461627334
43, 653, -0.00036115647526457906, 0.00018515401461627334
44, 653, -3.339020986459218e-05, 0.00018515401461627334
45, 653, -4.9269827286479995e-05, 0.00018515401461627334
46, 653, -0.0003384890151210129, 0.00018515401461627334
47, 653, -0.00018460112914908677, 0.00018515401461627334
48, 653, -0.00017204569303430617, 0.00018515401461627334
49, 653, -0.00015620412887074053, 0.00018515401461627334
50, 653, -0.0002347729605389759, 0.00018515401461627334
51, 653, -0.00016772004892118275, 0.00018515401461627334
52, 653, -0.00041822795174084604, 0.00018515401461627334
53, 653, -0.00020232272800058126, 0.00018515401461627334
54, 653, -9.14035554160364e-05, 0.00018515401461627334
55, 653, -2.6154737497563474e-05, 0.00018515401461627334
56, 653, -0.0003398875705897808, 0.00018515401461627334
57, 653, -7.849664689274505e-05, 0.00018515401461627334
58, 653, -0.00011933850328205153, 0.00018515401461627334
59, 653, 0.00015995008288882673, 0.00018515401461627334
60, 653, 2.4167633455363102e-05, 0.00018515401461627334
61, 653, -0.00022223556879907846, 0.00018515401461627334
62, 653, -0.00020690532983280718, 0.00018515401461627334
63, 653, -6.976090662647039e-05, 0.00018515401461627334
64, 653, 4.693984010373242e-05, 0.00018515401461627334
65, 653, -0.0001900237111840397, 0.00018515401461627334
66, 653, -0.00011109426122857258, 0.00018515401461627334
67, 653, -0.00017748313257470727, 0.00018515401461627334
68, 653, -0.0002028468152275309, 0.00018515401461627334
69, 653, -0.00029210009961389005, 0.00018515401461627334
70, 653, -0.00023555813822895288, 0.00018515401461627334
71, 653, 0.00011254119453951716, 0.00018515401461627334
72, 653, -0.00022603754769079387, 0.00018515401461627334
73, 653, -0.00023861472436692566, 0.00018515401461627334
37, 654, -3.1726169254397973e-05, 0.00018515401461627334
38, 654, -3.29721842717845e-05, 0.00018515401461627334
39, 654, 7.753900717943907e-06, 0.00018515401461627334
40, 654, -0.00027407941524870694, 0.00018515401461627334
41, 654, 9.415901149623096e-05, 0.00018515401461627334
42, 654, -0.00019171876192558557, 0.00018515401461627334
43, 654, -0.0001508059649495408, 0.00018515401461627334
44, 654, -8.61641310621053e-05, 0.00018515401461627334
45, 654, -0.0001607798767508939, 0.00018515401461627334
46, 654, -0.00036383449332788587, 0.00018515401461627334
47, 654, -0.00031961448257789016, 0.00018515401461627334
48, 654, -0.000328309484757483, 0.00018515401461627334
49, 654, -0.00040688764420337975, 0.00018515401461627334
50, 654, 2.913837852247525e-05, 0.00018515401461627334
51, 654, -0.00017022553947754204, 0.00018515401461627334
52, 654, -0.00017443503020331264, 0.00018515401461627334
53, 654, -2.546972973505035e-05, 0.00018515401461627334
54, 654, -0.00022191576135810465, 0.00018515401461627334
55, 654, -8.468512532999739e-05, 0.00018515401461627334
56, 654, -0.0001299445575568825, 0.00018515401461627334
57, 654, -0.00038101791869848967, 0.00018515401461627334
58, 654, -7.758961146464571e-05, 0.00018515401461627334
59, 654, -0.00015559076564386487, 0.00018515401461627334
60, 654, -3.0405963116209023e-05, 0.00018515401461627334
61, 654, -1.681081994320266e-05, 0.00018515401461627334
62, 654, 4.165909922448918e-05, 0.00018515401461627334
63, 654, -7.590218592667952e-05, 0.00018515401461627334
64, 654, -0.00016617220535408705, 0.00018515401461627334
65, 654, -0.00026089762104675174, 0.00018515401461627334
66, 654, -0.00029028899734839797, 0.00018515401461627334
67, 654, -7.769516741973348e-06, 0.00018515401461627334
68, 654, -0.00019189916201867163, 0.00018515401461627334
69, 654, -7.416393782477826e-05, 0.00018515401461627334
70, 654, 8.366265683434904e-05, 0.00018515401461627334
71, 654, -5.958087058388628e-06, 0.00018515401461627334
72, 654, -5.0755370466504246e-05, 0.00018515401461627334
73, 654, -4.80783091916237e-05, 0.00018515401461627334
37, 655, 0.00015822301793377846, 0.00018515401461627334
38, 655, -3.955891315854387e-06, 0.00018515401461627334
39, 655, 0.00013880195911042392, 0.00018515401461627334
40, 655, -6.742367258993909e-05, 0.00018515401461627334
41, 655, -8.698156307218596e-05, 0.00018515401461627334
42, 655, -2.8501381166279316e-05, 0.00018515401461627334
43, 655, -0.0003529086534399539, 0.00018515401461627334
44, 655, -0.00016717944527044892, 0.00018515401461627334
45, 655, 0.00015183973300736398, 0.00018515401461627334
46, 655, -0.00020075462816748768, 0.00018515401461627334
47, 655, -0.00022263704158831388, 0.00018515401461627334
48, 655, -0.00019672339840326458, 0.00018515401461627334
49, 655, -0.00025975043536163867, 0.00018515401461627334
50, 655, -0.00012983655324205756, 0.00018515401461627334
51, 655, -0.00011309349065413699, 0.00018515401461627334
52, 655, -0.0001435444864910096, 0.00018515401461627334
53, 655, -0.00015355771756730974, 0.00018515401461627334
54, 655, -0.00028065851074643433, 0.00018515401461627334
55, 655, -0.0001433856668882072, 0.00018515401461627334
56, 655, -0.00017549432232044637, 0.00018515401461627334
57, 655, -0.0001365697680739686, 0.00018515401461627334
58, 655, -0.00012368861644063145, 0.00018515401461627334
59, 655, 2.9296186767169274e-05, 0.00018515401461627334
60, 655, -2.351856164750643e-05, 0.00018515401461627334
61, 655, 3.767432281165384e-05, 0.00018515401461627334
62, 655, -0.0001663912698859349, 0.00018515401461627334
63, 655, -0.00012903740571346134, 0.00018515401461627334
64, 655, -0.00027955739642493427, 0.00018515401461627334
65, 655, -5.781715299235657e-05, 0.00018515401461627334
66, 655, -0.00013119586219545454, 0.00018515401461627334
67, 655, -0.00025071820709854364, 0.00018515401461627334
68, 655, -7.453915168298408e-05, 0.00018515401461627334
69, 655, -0.00028587316046468914, 0.00018515401461627334
70, 655, -0.00034111272543668747, 0.00018515401461627334
71, 655, 0.00016009382670745254, 0.00018515401461627334
72, 655, -9.038005373440683e-05, 0.00018515401461627334
73, 655, -0.00019989446445833892, 0.00018515401461627334
37, 656, 0.00014848644786980003, 0.00018515401461627334
38, 656, 2.0555984519887716e-05, 0.00018515401461627334
39, 656, -0.00019776947738137096, 0.00018515401461627334
40, 656, -0.00019515476014930755, 0.00018515401461627334
41, 656, -5.491521005751565e-05, 0.00018515401461627334
42, 656, -0.00017852219752967358, 0.00018515401461627334
43, 656, -3.60122139682062e-05, 0.00018515401461627334
44, 656, -0.00017449592996854335, 0.00018515401461627334
45, 656, -0.0003160021733492613, 0.00018515401461627334
46, 656, -0.0002995232061948627, 0.00018515401461627334
47, 656, -0.00017374055460095406, 0.00018515401461627334
48, 656, -0.0001635798835195601, 0.00018515401461627334
49, 656, -0.0002422177785774693, 0.00018515401461627334
50, 656, -8.325080125359818e-05, 0.00018515401461627334
51, 656, -8.235441782744601e-05, 0.00018515401461627334
52, 656, -0.00021573649428319186, 0.00018515401461627334
53, 656, -0.00026073784101754427, 0.00018515401461627334
54, 656, -0.0003371541970409453, 0.00018515401461627334
55, 656, -0.00022882592747919261, 0.00018515401461627334
56, 656, -0.00020772384596057236, 0.00018515401461627334
57, 656, -0.0003082666080445051, 0.00018515401461627334
58, 656, 7.175571226980537e-05, 0.00018515401461627334
59, 656, -0.0001262811420019716, 0.00018515401461627334
60, 656, -0.0002578411076683551, 0.00018515401461627334
61, 656, -0.0002381967060500756, 0.00018515401461627334
62, 656, -4.455101225175895e-05, 0.00018515401461627334
63, 656, -0.0001597180962562561, 0.00018515401461627334
64, 656, -0.00015549073577858508, 0.00018515401461627334
65, 656, -9.612423127691727e-06, 0.00018515401461627334
66, 656, -0.00031389182549901307, 0.00018515401461627334
67, 656, -0.00012137814337620512, 0.00018515401461627334
68, 656, -0.0002646866487339139, 0.00018515401461627334
69, 656, 1.7595713870832697e-05, 0.00018515401461627334
70, 656, -0.0002847128198482096, 0.00018515401461627334
71, 656, -7.53098793211393e-05, 0.00018515401461627334
72, 656, 1.8640996131580323e-05, 0.00018515401461627334
73, 656, -5.7932502386393026e-05, 0.00018515401461627334
37, 657, -0.00016409603995271027, 0.00018515401461627334
38, 657, 3.161638232995756e-05, 0.00018515401461627334
39, 657, -0.00014483688573818654, 0.00018515401461627334
40, 657, -3.164001100230962e-05, 0.00018515401461627334
41, 657, -0.00012851388601120561, 0.00018515401461627334
42, 657, -0.0001949415891431272, 0.00018515401461627334
43, 657, -0.000197902467334643, 0.00018515401461627334
44, 657, -0.00031792334630154073, 0.00018515401461627334
45, 657, -0.00019081203208770603, 0.00018515401461627334
46, 657, -0.00029413026641122997, 0.00018515401461627334
47, 657, -0.0004009213880635798, 0.00018515401461627334
48, 657, -0.0001437005412299186, 0.00018515401461627334
49, 657, 1.5778301531099714e-05, 0.00018515401461627334
50, 657, 6.747861334588379e-06, 0.00018515401461627334
51, 657, -0.00015142717165872455, 0.00018515401461627334
52, 657, -0.00040742885903455317, 0.00018515401461627334
53, 657, -0.0001975467021111399, 0.00018515401461627334
54, 657, -0.0002278327738167718, 0.00018515401461627334
55, 657, -0.0003011931257788092, 0.00018515401461627334
56, 657, -0.00023978126409929246, 0.00018515401461627334
57, 657, -0.0005612469394691288, 0.00018515401461627334
58, 657, -0.0002130064385710284, 0.00018515401461627334
59, 657, -0.0002582371816970408, 0.00018515401461627334
60, 657, -0.00023333578428719193, 0.00018515401461627334
61, 657, -0.00012643146328628063, 0.00018515401461627334
62, 657, -0.00019570915901567787, 0.00018515401461627334
63, 657, -0.00013791484525427222, 0.00018515401461627334
64, 657, -0.0001239325210917741, 0.00018515401461627334
65, 657, -0.0002262945636175573, 0.00018515401461627334
66, 657, -9.822426363825798e-05, 0.00018515401461627334
67, 657, -0.00018431385979056358, 0.00018515401461627334
68, 657, 7.240985723910853e-05, 0.00018515401461627334
69, 657, 1.533196700620465e-05, 0.00018515401461627334
70, 657, -0.0002355128963245079, 0.00018515401461627334
71, 657, -3.040871706616599e-05, 0.00018515401461627334
72, 657, -6.677384953945875e-05, 0.00018515401461627334
73, 657, -2.4096466404444072e-06, 0.00018515401461627334
37, 658, 0.00020337768364697695, 0.00018515401461627334
38, 658, -0.00012030448124278337, 0.00018515401461627334
39, 658, -3.8015608879504725e-05, 0.00018515401461627334
40, 658, 0.0001801686448743567, 0.00018515401461627334
41, 658, -0.00021328448201529682, 0.00018515401461627334
42, 658, -0.0003687700955197215, 0.00018515401461627334
43, 658, -0.00030488785705529153, 0.00018515401461627334
44, 658, -0.0002597325074020773, 0.00018515401461627334
45, 658, -0.00025377210113219917, 0.00018515401461627334
46, 658, -0.00017858196224551648, 0.00018515401461627334
47, 658, -0.00034560193307697773, 0.00018515401461627334
48, 658, -0.00039318425115197897, 0.00018515401461627334
49, 658, -0.0002471537736710161, 0.00018515401461627334
50, 658, -0.0002623704494908452, 0.00018515401461627334
51, 658, -0.00027104312903247774, 0.00018515401461627334
52, 658, -0.00046791890054009855, 0.00018515401461627334
53, 658, -0.00036052073119208217, 0.00018515401461627334
54, 658, -0.00025286225718446076, 0.00018515401461627334
55, 658, -0.00020718746236525476, 0.00018515401461627334
56, 658, -0.0005921341944485903, 0.00018515401461627334
57, 658, -0.0003443082678131759, 0.00018515401461627334
58, 658, -0.0002786254626698792, 0.00018515401461627334
59, 658, 1.3913248949393164e-05, 0.00018515401461627334
60, 658, -0.00019495109154377133, 0.00018515401461627334
61, 658, -7.230572373373434e-05, 0.00018515401461627334
62, 658, -0.00012723739200737327, 0.00018515401461627334
63, 658, 3.776298399316147e-05, 0.00018515401461627334
64, 658, 0.00014699315943289548, 0.00018515401461627334
65, 658, 1.720290856610518e-05, 0.00018515401461627334
66, 658, -3.17523954436183e-05, 0.00018515401461627334
67, 658, 0.00014509656466543674, 0.00018515401461627334
68, 658, -4.1117895307252184e-05, 0.00018515401461627334
69, 658, 7.227018795674667e-05, 0.00018515401461627334
70, 658, 8.342571527464315e-05, 0.00018515401461627334
71, 658, 4.644717773771845e-05, 0.00018515401461627334
72, 658, 0.000165068224305287, 0.00018515401461627334
73, 658, 0.00013598268560599536, 0.00018515401461627334
37, 659, -4.437549796421081e-05, 0.00018515401461627334
38, 659, 0.0001793224801076576, 0.00018515401461627334
39, 659, 1.626175617275294e-05, 0.00018515401461627334
40, 659, 8.270222679129802e-06, 0.00018515401461627334
41, 659, -0.00010363786714151502, 0.00018515401461627334
42, 659, -0.00021188244863878936, 0.00018515401461627334
43, 659, -0.0002427860163152218, 0.00018515401461627334
44, 659, -0.0002717048628255725, 0.00018515401461627334
45, 659, -0.00019969986169598997, 0.00018515401461627334
46, 659, -0.00018088241631630808, 0.00018515401461627334
47, 659, -0.0003449243668001145, 0.00018515401461627334
48, 659, -0.00022736989194527268, 0.00018515401461627334
49, 659, -0.000298990256851539, 0.00018515401461627334
50, 659, -0.00027606391813606024, 0.00018515401461627334
51, 659, -0.00029659419669769704, 0.00018515401461627334
52, 659, -0.00032143190037459135, 0.00018515401461627334
53, 659, -8.192306268028915e-05, 0.00018515401461627334
54, 659, -0.0003026632184628397, 0.00018515401461627334
55, 659, -0.0003478068101685494, 0.00018515401461627334
56, 659, -0.0004192996129859239, 0.00018515401461627334
57, 659, -0.0005031959735788405, 0.00018515401461627334
58, 659, -0.0004139106604270637, 0.00018515401461627334
59, 659, -0.0003179603663738817, 0.00018515401461627334
60, 659, -0.00010131203453056514, 0.00018515401461627334
61, 659, -0.00028881491743959486, 0.00018515401461627334
62, 659, 0.00013215032231528312, 0.00018515401461627334
63, 659, -0.00019840605091303587, 0.00018515401461627334
64, 659, -2.097761353070382e-05, 0.00018515401461627334
65, 659, -3.836054747807793e-05, 0.00018515401461627334
66, 659, 3.7775309465359896e-05, 0.00018515401461627334
67, 659, -1.608192724233959e-05, 0.00018515401461627334
68, 659, 5.8018515119329095e-05, 0.00018515401461627334
69, 659, -8.749349035497289e-06, 0.00018515401461627334
70, 659, 0.00017609287169761956, 0.00018515401461627334
71, 659, 2.388447137491312e-05, 0.00018515401461627334
72, 659, 4.8486086598131806e-05, 0.00018515401461627334
73, 659, -0.00016523938393220305, 0.00018515401461627334
37, 660, 6.579284672625363e-06, 0.00018515401461627334
38, 660, -8.462475670967251e-05, 0.00018515401461627334
39, 660, 0.0001900432544061914, 0.00018515401461627334
40, 660, -0.00018984997586812824, 0.00018515401461627334
41, 660, -4.433297726791352e-05, 0.00018515401461627334
42, 660, -8.020248787943274e-05, 0.00018515401461627334
43, 660, -4.762297248817049e-05, 0.00018515401461627334
44, 660, -9.11186452867696e-06, 0.00018515401461627334
45, 660, -0.00012984071508981287, 0.00018515401461627334
46, 660, 5.699359462596476e-06, 0.00018515401461627334
47, 660, -0.000183447016752325, 0.00018515401461627334
48, 660, -0.0003411927609704435, 0.00018515401461627334
49, 660, -0.0003723963163793087, 0.00018515401461627334
50, 660, -0.0003804343577940017, 0.00018515401461627334
51, 660, 7.5031771302747075e-06, 0.00018515401461627334
52, 660, -5.6692286307225004e-05, 0.00018515401461627334
53, 660, -0.0003093732811976224, 0.00018515401461627334
54, 660, -0.00027208388200961053, 0.00018515401461627334
55, 660, -0.00016673305071890354, 0.00018515401461627334
56, 660, -0.0004485405224841088, 0.00018515401461627334
57, 660, -0.0004448417166713625, 0.00018515401461627334
58, 660, -0.0003330558247398585, 0.00018515401461627334
59, 660, -0.00010702072904678062, 0.00018515401461627334
60, 660, -0.00034385130857117474, 0.00018515401461627334
61, 660, -0.00029917314532212913, 0.00018515401461627334
62, 660, -0.0002779717033263296, 0.00018515401461627334
63, 660, 4.0103612263919786e-05, 0.00018515401461627334
64, 660, 0.0001675050298217684, 0.00018515401461627334
65, 660, -0.00013138348003849387, 0.00018515401461627334
66, 660, 8.587892079958692e-05, 0.00018515401461627334
67, 660, 0.00027202218188904226, 0.00018515401461627334
68, 660, 5.3797048167325556e-05, 0.00018515401461627334
69, 660, 0.0002681775367818773, 0.00018515401461627334
70, 660, 8.44962996779941e-05, 0.00018515401461627334
71, 660, 4.294745303923264e-05, 0.00018515401461627334
72, 660, 0.0001491309521952644, 0.00018515401461627334
73, 660, 0.0001237373217009008, 0.00018515401461627334
37, 661, 2.6518022423260845e-05, 0.00018515401461627334
38, 661, -0.00014910902245901525, 0.00018515401461627334
39, 661, 1.851950401032809e-05, 0.00018515401461627334
40, 661, -3.1754188967170194e-05, 0.00018515401461627334
41, 661, -6.686973938485608e-05, 0.00018515401461627334
42, 661, 5.997634161758469e-06, 0.00018515401461627334
43, 661, -0.0002248999517178163, 0.00018515401461627334
44, 661, -2.7464171580504626e-05, 0.00018515401461627334
45, 661, -0.00020989424956496805, 0.00018515401461627334
46, 661, -9.956352732842788e-05, 0.00018515401461627334
47, 661, -0.00021131876565050334, 0.00018515401461627334
48, 661, -0.00011628052743617445, 0.00018515401461627334
49, 661, -0.00013620476238429546, 0.00018515401461627334
50, 661, -8.573042578063905e-05, 0.00018515401461627334
51, 661, -0.00034570900606922805, 0.00018515401461627334
52, 661, -0.0001995029451791197, 0.00018515401461627334
53, 661, -0.00032317586010321975, 0.00018515401461627334
54, 661, -0.0004431680135894567, 0.00018515401461627334
55, 661, -0.00028241632389836013, 0.00018515401461627334
56, 661, -0.00021129031665623188, 0.00018515401461627334
57, 661, -0.00020411494188010693, 0.00018515401461627334
58, 661, -0.00017928419401869178, 0.00018515401461627334
59, 661, -0.0004487541154958308, 0.00018515401461627334
60, 661, -0.0002951255301013589, 0.00018515401461627334
61, 661, -0.0003139562322758138, 0.00018515401461627334
62, 661, -0.00010865142394322902, 0.00018515401461627334
63, 661, -0.00012271366722416133, 0.00018515401461627334
64, 661, 0.00014436503988690674, 0.00018515401461627334
65, 661, -0.00016864245117176324, 0.00018515401461627334
66, 661, 0.0003550513938535005, 0.00018515401461627334
67, 661, 0.00029328931123018265, 0.00018515401461627334
68, 661, 0.00034704533754847944, 0.00018515401461627334
69, 661, 2.0889196093776263e-05, 0.00018515401461627334
70, 661, 0.00022730261844117194, 0.00018515401461627334
71, 661, 0.00030966923804953694, 0.00018515401461627334
72, 661, 0.00028401316376402974, 0.00018515401461627334
73, 661, 0.0001157912629423663, 0.00018515401461627334
37, 662, 0.0002758770133368671, 0.00018515401461627334
38, 662, -0.0001473802694818005, 0.00018515401461627334
39, 662, 8.474862261209637e-05, 0.00018515401461627334
40, 662, -8.715427247807384e-05, 0.00018515401461627334
41, 662, 4.05729551857803e-05, 0.00018515401461627334
42, 662, -3.328768434585072e-05, 0.00018515401461627334
43, 662, -0.0002031072071986273, 0.00018515401461627334
44, 662, -9.216374019160867e-05, 0.00018515401461627334
45, 662, -0.00017118315736297518, 0.00018515401461627334
46, 662, 5.891968248761259e-05, 0.00018515401461627334
47, 662, -0.0002634206030052155, 0.00018515401461627334
48, 662, 3.3880667615449056e-05, 0.00018515401461627334
49, 662, 0.00020486013090703636, 0.00018515401461627334
50, 662, -0.00021404356812126935, 0.00018515401461627334
51, 662, -0.0002958581899292767, 0.00018515401461627334
52, 662, -3.6964389437343925e-05, 0.00018515401461627334
53, 662, -0.0004655458324123174, 0.00018515401461627334
54, 662, -0.00013923643564339727, 0.00018515401461627334
55, 662, -0.000201970266061835, 0.00018515401461627334
56, 662, -0.000249865697696805, 0.00018515401461627334
57, 662, 5.085243537905626e-05, 0.00018515401461627334
58, 662, -5.478072489495389e-05, 0.00018515401461627334
59, 662, -8.114901720546186e-05, 0.00018515401461627334
60, 662, 2.8099582777940668e-05, 0.00018515401461627334
61, 662, -8.856512431520969e-05, 0.00018515401461627334
62, 662, -1.8120763343176804e-05, 0.00018515401461627334
63, 662, -0.00015872139192651957, 0.00018515401461627334
64, 662, -0.0002710968255996704, 0.00018515401461627334
65, 662, -0.0001740835141390562, 0.00018515401461627334
66, 662, 8.655423880554736e-05, 0.00018515401461627334
67, 662, 5.153558595338836e-05, 0.00018515401461627334
68, 662, 0.00012443419836927205, 0.00018515401461627334
69, 662, 2.341979052289389e-05, 0.00018515401461627334
70, 662, 0.00012290266749914736, 0.00018515401461627334
71, 662, 0.00017717431182973087, 0.00018515401461627334
72, 662, -4.512614032137208e-05, 0.00018515401461627334
73, 662, 7.657198148081079e-05, 0.00018515401461627334
37, 663, -0.00012726294517051429, 0.00018515401461627334
38, 663, 0.00011038539378205314, 0.00018515401461627334
39, 663, 0.00034458970185369253, 0.00018515401461627334
40, 663, 1.7227564967470244e-05, 0.00018515401461627334
41, 663, 4.774715853272937e-05, 0.00018515401461627334
42, 663, 2.6034209440695122e-05, 0.00018515401461627334
43, 663, 7.302822632482275e-05, 0.00018515401461627334
44, 663, -8.284388604806736e-05, 0.00018515401461627334
45, 663, -2.0554762159008533e-05, 0.00018515401461627334
46, 663, -3.585325612220913e-05, 0.00018515401461627334
47, 663, 0.00013774294347967952, 0.00018515401461627334
48, 663, -8.71544125402579e-06, 0.00018515401461627334
49, 663, -0.0001729448267724365, 0.00018515401461627334
50, 663, -0.00010579454101389274, 0.00018515401461627334
51, 663, -0.00020181019499432296, 0.00018515401461627334
52, 663, 5.5311091273324564e-05, 0.00018515401461627334
53, 663, -0.00013452605344355106, 0.00018515401461627334
54, 663, 0.00011051855108235031, 0.00018515401461627334
55, 663, -0.0001479401980759576, 0.00018515401461627334
56, 663, -7.563488907180727e-05, 0.00018515401461627334
57, 663, -0.00010751178342616186, 0.00018515401461627334
58, 663, -0.00020403727830853313, 0.00018515401461627334
59, 663, -0.0002872097829822451, 0.00018515401461627334
60, 663, -0.00024165019567590207, 0.00018515401461627334
61, 663, -0.00043321558041498065, 0.00018515401461627334
62, 663, -0.00010214011126663536, 0.00018515401461627334
63, 663, -0.00033503994927741587, 0.00018515401461627334
64, 663, -0.00011662324686767533, 0.00018515401461627334
65, 663, -0.00017400691285729408, 0.00018515401461627334
66, 663, 9.082161705009639e-05, 0.00018515401461627334
67, 663, 0.00013968796702101827, 0.00018515401461627334
68, 663, 5.382256131269969e-05, 0.00018515401461627334
69, 663, 0.00012551747204270214, 0.00018515401461627334
70, 663, 0.00019673480710480362, 0.00018515401461627334
71, 663, 3.0988885555416346e-05, 0.00018515401461627334
72, 663, 0.00021166664373595268, 0.00018515401461627334
73, 663, -3.073190964641981e-05, 0.00018515401461627334
37, 664, -0.00015544905909337103, 0.00018515401461627334
38, 664, 3.561904304660857e-05, 0.00018515401461627334
39, 664, 0.00014123784785624593, 0.00018515401461627334
40, 664, 0.00011630205699475482, 0.00018515401461627334
41, 664, 0.000179934679181315, 0.00018515401461627334
42, 664, -4.555221494229045e-06, 0.00018515401461627334
43, 664, -0.00010882035712711513, 0.00018515401461627334
44, 664, -9.639558993512765e-05, 0.00018515401461627334
45, 664, -0.00015429708582814783, 0.00018515401461627334
46, 664, 0.00011923735291929916, 0.00018515401461627334
47, 664, -0.00012677500490099192, 0.00018515401461627334
48, 664, 8.417417120654136e-05, 0.00018515401461627334
49, 664, 6.555373693117872e-05, 0.00018515401461627334
50, 664, -0.00019941724895033985, 0.00018515401461627334
51, 664, -0.00010927181574515998, 0.00018515401461627334
52, 664, -0.00016731715004425496, 0.00018515401461627334
53, 664, -0.00017540407134220004, 0.00018515401461627334
54, 664, 1.0989296242769342e-05, 0.00018515401461627334
55, 664, -3.319587995065376e-05, 0.00018515401461627334
56, 664, -7.342321168835042e-06, 0.00018515401461627334
57, 664, 8.48409254103899e-05, 0.00018515401461627334
58, 664, -0.0001299834984820336, 0.00018515401461627334
59, 664, -0.0002334802265977487, 0.00018515401461627334
60, 664, -0.0001711402292130515, 0.00018515401461627334
61, 664, -0.00049467699136585, 0.00018515401461627334
62, 664, -5.227734072832391e-05, 0.00018515401461627334
63, 664, -0.00023829503334127367, 0.00018515401461627334
64, 664, -2.322729051229544e-05, 0.00018515401461627334
65, 664, 0.0002619154693093151, 0.00018515401461627334
66, 664, 4.472124419407919e-05, 0.00018515401461627334
67, 664, -6.327900337055326e-05, 0.00018515401461627334
68, 664, 0.00019351692753843963, 0.00018515401461627334
69, 664, 0.00019208784215152264, 0.00018515401461627334
70, 664, 6.254907930269837e-05, 0.00018515401461627334
71, 664, -0.0001642028073547408, 0.00018515401461627334
72, 664, -3.8399366530939005e-06, 0.00018515401461627334
73, 664, -0.00021469854982569814, 0.00018515401461627334
37, 665, -0.00010581823880784214, 0.00018515401461627334
38, 665, 4.8408008296974e-05, 0.00018515401461627334
39, 665, 4.563917900668457e-05, 0.00018515401461627334
40, 665, 8.845210686558858e-05, 0.00018515401461627334
41, 665, 5.731187775381841e-05, 0.00018515401461627334
42, 665, 0.00027600579778663814, 0.00018515401461627334
43, 665, 0.00045457316446118057, 0.00018515401461627334
44, 665, 9.589624096406624e-05, 0.00018515401461627334
45, 665, -3.061601455556229e-05, 0.00018515401461627334
46, 665, 1.0076522812596522e-05, 0.00018515401461627334
47, 665, 8.583992894273251e-05, 0.00018515401461627334
48, 665, 7.538440695498139e-05, 0.00018515401461627334
49, 665, -0.00028672252665273845, 0.00018515401461627334
50, 665, -1.4884782103763428e-05, 0.00018515401461627334
51, 665, -0.0001570432650623843, 0.00018515401461627334
52, 665, -0.00036443150020204484, 0.00018515401461627334
53, 665, 0.00015585901564918458, 0.00018515401461627334
54, 665, -9.139377652900293e-05, 0.00018515401461627334
55, 665, -0.00015201873611658812, 0.00018515401461627334
56, 665, 5.1478065870469436e-05, 0.00018515401461627334
57, 665, -0.00032632079091854393, 0.00018515401461627334
58, 665, -0.00010763037425931543, 0.00018515401461627334
59, 665, -0.00021064869360998273, 0.00018515401461627334
60, 665, -2.1283251044224016e-05, 0.00018515401461627334
61, 665, -0.0003183761436957866, 0.00018515401461627334
62, 665, -0.00010887155804084614, 0.00018515401461627334
63, 665, -0.00010138323705177754, 0.00018515401461627334
64, 665, -0.00013246499293018132, 0.00018515401461627334
65, 665, -0.00016114703612402081, 0.00018515401461627334
66, 665, 0.00024069576465990394, 0.00018515401461627334
67, 665, -5.970237180008553e-05, 0.00018515401461627334
68, 665, 0.00016715397941879928, 0.00018515401461627334
69, 665, -0.00011993588850600645, 0.00018515401461627334
70, 665, -0.0001610641775187105, 0.00018515401461627334
71, 665, 3.711782119353302e-05, 0.00018515401461627334
72, 665, -6.980599573580548e-05, 0.00018515401461627334
73, 665, 0.00015878283011261374, 0.00018515401461627334
